4081.77    15           
4153.57    15           
4164.31    15           
4184.20    15           
4207.24    18           
4233.74    17           
4240.74    16           
4284.39    15           
4302.81    20           
4329.19    15           
4333.57    16           
4358.38    15           
4399.59    19           
4406.29    17           
4431.30    17           
4499.88    19           
4516.59    18           
4572.12    18           
4708.83    11           
4716.27    11           
4859.17    10           
5008.95    10           
5050.07    10           
5231.82    10           
5247.37    11           
5271.98    13           
5301.32    10           
5321.29    11           
5328.06    10           
5570.58    11           
5579.06    10           
6069.98    13           
6173.22    10           
6213.98    12           
6294.89    11           
6370.11    11           
6387.55    10           
6424.51    12           
6485.35    12           
6538.78    10           
6542.24    10           
7308.69    10           

