3683.70    30           
3694.11    40           
3694.36    10           
3706.03    170 
3736.90    180 
3739.38    10           
3755.67    20           
3758.39    30           
3933.66    230
3968.47    220  
4097.10    50 
4109.82    60 
4110.28    30 
4206.18    40 
4220.07    50 
4472.04    20           
4479.23    10           
4489.18    20           
4716.74    30           
4721.03    40           
4799.97    40           
5001.48    70 
5019.97    80 
5021.14    40 
5285.27    60 
5307.22    70 
5339.19    50           
5922.72    10           
5923.69    10           
6456.87    80           

