3624.11    15
3630.75    17
3630.97    14
3644.41    20
3644.77    14
3644.99    8  
3675.29    5  
3678.21    6  
3748.35    6 
3750.29    8 
3753.34    9 
3870.48    9  
3872.54    11 
3872.56    11 
3875.78    12 
3875.80    12 
3889.10    6           
3923.48    6           
3935.29    9           
3946.04    6           
3948.90    15  
3957.05    17  
3972.57    8           
3973.71    18  
4098.53    15  
4098.57    15  
4226.73    50  
4240.46    15           
4283.01    24  
4289.36    22  
4298.99    22  
4302.53    25  
4307.74    23  
4318.65    22  
4355.08    20  
4425.44    25  
4434.96    26  
4435.69    25  
4454.78    30  
4455.89    28  
4456.61    20  
4526.94    23  
4578.55    22  
4581.40    23  
4581.47    23  
4585.87    24  
4585.96    24  
4685.27    20  
4878.13    25  
5041.62    23  
5188.85    25  
5261.71    22  
5262.24    23  
5264.24    22  
5265.56    24  
5270.27    25  
5349.47    27           
 5512.98    23  
5581.97    25  
5588.76    27  
5590.12    24  
5594.47    26  
5598.49    25  
5601.29    24  
5602.85    24  
5857.45    30  
6102.72    27  
6122.22    29  
6161.29    22  
6162.17    30  
6163.76    22  
6166.44    24  
6169.06    26  
6169.56    28 
6439.07    35 
6449.81    30 
6455.60    22 
6462.57    34 
6471.66    29 
6493.78    32 
6499.65    28 
6572.78    23
6717.69    30
7148.15    33           
7202.19    31           
7326.15    33           

