  3624.11    15
  3630.75    17
  3630.97    14
  3644.41    20
  3644.77    14
  3644.99    8  
  3675.29    5  
  3678.21    6  
  3683.70    30           
  3694.11    40           
  3694.36    10           
  3706.03    170 
  3736.90    180 
  3739.38    10           
  3748.35    6 
  3750.29    8 
  3753.34    9 
  3755.67    20           
  3758.39    30           
  3870.48    9  
  3872.54    11 
  3872.56    11 
  3875.78    12 
  3875.80    12 
  3889.10    6           
  3923.48    6           
  3933.66    230
  3935.29    9           
  3946.04    6           
  3948.90    15  
  3957.05    17  
  3968.47    220  
  3972.57    8           
  3973.71    18  
  4081.77    15           
  4097.10    50 
  4098.53    15  
  4098.57    15  
  4109.82    60 
  4110.28    30 
  4153.57    15           
  4164.31    15           
  4184.20    15           
  4206.18    40 
  4207.24    18           
  4220.07    50 
  4226.73    50  
  4233.74    17           
  4240.46    15           
  4240.74    16           
  4283.01    24  
  4284.39    15           
  4289.36    22  
  4298.99    22  
  4302.53    25  
  4302.81    20           
  4307.74    23  
  4318.65    22  
  4329.19    15           
  4333.57    16           
  4355.08    20  
  4358.38    15           
  4399.59    19           
  4406.29    17           
  4425.44    25  
  4431.30    17           
  4434.96    26  
  4435.69    25  
  4454.78    30  
  4455.89    28  
  4456.61    20  
  4472.04    20           
  4479.23    10           
  4489.18    20           
  4499.88    19           
  4516.59    18           
  4526.94    23  
  4572.12    18           
  4578.55    22  
  4581.40    23  
  4581.47    23  
  4585.87    24  
  4585.96    24  
  4685.27    20  
  4708.83    11           
  4716.27    11           
  4716.74    30           
  4721.03    40           
  4799.97    40           
  4859.17    10           
  4878.13    25  
  5001.48    70 
  5008.95    10           
  5019.97    80 
  5021.14    40 
  5041.62    23  
  5050.07    10           
  5188.85    25  
  5231.82    10           
  5247.37    11           
  5261.71    22  
  5262.24    23  
  5264.24    22  
  5265.56    24  
  5270.27    25  
  5271.98    13           
  5285.27    60 
  5301.32    10           
  5307.22    70 
  5321.29    11           
  5328.06    10           
  5339.19    50           
  5349.47    27           
   5512.98    23  
  5570.58    11           
  5579.06    10           
  5581.97    25  
  5588.76    27  
  5590.12    24  
  5594.47    26  
  5598.49    25  
  5601.29    24  
  5602.85    24  
  5857.45    30  
  5922.72    10           
  5923.69    10           
  6069.98    13           
  6102.72    27  
  6122.22    29  
  6161.29    22  
  6162.17    30  
  6163.76    22  
  6166.44    24  
  6169.06    26  
  6169.56    28 
  6173.22    10           
  6213.98    12           
  6294.89    11           
  6370.11    11           
  6387.55    10           
  6424.51    12           
  6439.07    35 
  6449.81    30 
  6455.60    22 
  6456.87    80           
  6462.57    34 
  6471.66    29 
  6485.35    12           
  6493.78    32 
  6499.65    28 
  6538.78    10           
  6542.24    10           
  6572.78    23
  6717.69    30
  7148.15    33           
  7202.19    31           
  7308.69    10           
  7326.15    33           

