3734.87  3027
3820.44 1712
3933.68 20253 
3968.49 15467
4077.72 428
4101.75 3133
4132.07 404
4143.88 466
4167.28 200
4202.04 326
4226.74 1476
4235.95 385
4250.13 342
4250.80 400
4254.35 393
4290.49 595
4271.77 756
4325.78 793 
4340.48  2855 
4383.56 1008 
4404.76 898
4415.14 417
4528.63 275
4554.04 159
4703.00 326
4861.34  3680
4891.50 312
4920.51 471
4957.61 696 
5167.33 935
5172.70  1259 
5183.62 1584 
5269.55 478
5528.42 293
5889.97 752 
5895.94 564
6102.73 135
6122.23 222
6162.18 222
6562.81 4020
6867.00 10000
7594.00 10000

